original hrlq
PSNR : 19.95198952084953
SSIM : 0.3249214988201857
Pearson : 0.920088762838873

save_model generate hrhq
PSNR : 23.823218694344774
SSIM : 0.1252981123747304
Pearson : 0.9162765477815216

save_model generate hrlq
PSNR : 18.403008723466396
SSIM : 0.6208281353116035
Pearson : 0.8633218214929581

save_model reconstr hrhq
PSNR : 24.824648224905456
SSIM : 0.4872427061200142
Pearson : 0.9734276146516846

Desenfoque de la profundidad de Z.